####################
#Sets#
####################
# 
set EMISSION := CO2 ;
set REGION := RE1;
set MODE_OF_OPERATION := 1 ;
set COMMODITY := COA GAS ELC001 RESELC ELC002 LND ;
set STORAGE := ;
set TECHNOLOGY := MINCOA MINGAS PWRGAS PWRCOA PWRTRN PWRBATIN PWRBATOUT DEMRESELC LNDFOR RNWLND LNDGRS ;
set YEAR := 2020 2021 2022 2023 2024 2025 2026 2027 2028 2029 2030 2031 2032 2033 2034 2035 ;
set TIMESLICE := S11 S12 S21 S22 ;
set UDC := Battery ;
####################
#Parameters#
####################
#
param ResultsPath := "..\..\..\..\WebAPP\DataStorage\Test model\res\REf\csv" ; 

param TradeRoute  default 0 := 
; 
 
param UDCTag default -1 : 
Battery :=
RE1 0 
;

param DiscountRate default 0.05 := 
RE1 0.05 
; 

param CapacityToActivityUnit default 1 : 
MINCOA MINGAS PWRGAS PWRCOA PWRTRN PWRBATIN PWRBATOUT DEMRESELC LNDFOR RNWLND LNDGRS :=
RE1 31.536 31.536 31.536 31.536 31.536 1 1 1 1 1 1 
;
param OperationalLife default 1 : 
MINCOA MINGAS PWRGAS PWRCOA PWRTRN PWRBATIN PWRBATOUT DEMRESELC LNDFOR RNWLND LNDGRS :=
RE1 30 30 30 30 20 1 1 30 1 1 1 
;
param TotalTechnologyModelPeriodActivityLowerLimit default 0 : 
MINCOA MINGAS PWRGAS PWRCOA PWRTRN PWRBATIN PWRBATOUT DEMRESELC LNDFOR RNWLND LNDGRS :=
RE1 0 0 0 0 0 0 0 0 0 0 0 
;
param TotalTechnologyModelPeriodActivityUpperLimit default 999999 : 
MINCOA MINGAS PWRGAS PWRCOA PWRTRN PWRBATIN PWRBATOUT DEMRESELC LNDFOR RNWLND LNDGRS :=
RE1 999999 999999 999999 999999 999999 999999 999999 999999 999999 999999 999999 
;

param ReserveMargin default 0 : 
2020 2021 2022 2023 2024 2025 2026 2027 2028 2029 2030 2031 2032 2033 2034 2035 :=
RE1 0 0 0 0 0 0 0 0 0 0 0 0 0 0 0 0 
;
param REMinProductionTarget default 0 : 
2020 2021 2022 2023 2024 2025 2026 2027 2028 2029 2030 2031 2032 2033 2034 2035 :=
RE1 0 0 0 0 0 0 0 0 0 0 0 0 0 0 0 0 
;

param ModelPeriodEmissionLimit default 999999 : 
CO2 :=
RE1 999999 
;
param ModelPeriodExogenousEmission default 0 : 
CO2 :=
RE1 0 
;

param UDCConstant default 0 := 
[RE1,*,*]: 
2020 2021 2022 2023 2024 2025 2026 2027 2028 2029 2030 2031 2032 2033 2034 2035 :=
Battery 0 0 0 0 0 0 0 0 0 0 0 0 0 0 0 0 
;

param UDCMultiplierTotalCapacity default 0 := 
[RE1,PWRBATIN,*,*]:
2020 2021 2022 2023 2024 2025 2026 2027 2028 2029 2030 2031 2032 2033 2034 2035 :=
Battery 0 0 0 0 0 0 0 0 0 0 0 0 0 0 0 0 
[RE1,PWRBATOUT,*,*]:
2020 2021 2022 2023 2024 2025 2026 2027 2028 2029 2030 2031 2032 2033 2034 2035 :=
Battery 0 0 0 0 0 0 0 0 0 0 0 0 0 0 0 0 
;
param UDCMultiplierNewCapacity default 0 := 
[RE1,PWRBATIN,*,*]:
2020 2021 2022 2023 2024 2025 2026 2027 2028 2029 2030 2031 2032 2033 2034 2035 :=
Battery 0 0 0 0 0 0 0 0 0 0 0 0 0 0 0 0 
[RE1,PWRBATOUT,*,*]:
2020 2021 2022 2023 2024 2025 2026 2027 2028 2029 2030 2031 2032 2033 2034 2035 :=
Battery 0 0 0 0 0 0 0 0 0 0 0 0 0 0 0 0 
;
param UDCMultiplierActivity default 0 := 
[RE1,PWRBATIN,*,*]:
2020 2021 2022 2023 2024 2025 2026 2027 2028 2029 2030 2031 2032 2033 2034 2035 :=
Battery -1 -1 -1 -1 -1 -1 -1 -1 -1 -1 -1 -1 -1 -1 -1 -1 
[RE1,PWRBATOUT,*,*]:
2020 2021 2022 2023 2024 2025 2026 2027 2028 2029 2030 2031 2032 2033 2034 2035 :=
Battery 1.18 1.18 1.18 1.18 1.18 1.18 1.18 1.18 1.18 1.18 1.18 1.18 1.18 1.18 1.18 1.18 
;

param YearSplit default 1 : 
2020 2021 2022 2023 2024 2025 2026 2027 2028 2029 2030 2031 2032 2033 2034 2035 :=
S11 0.45 0.45 0.45 0.45 0.45 0.45 0.45 0.45 0.45 0.45 0.45 0.45 0.45 0.45 0.45 0.45 
S12 0.22 0.22 0.22 0.22 0.22 0.22 0.22 0.22 0.22 0.22 0.22 0.22 0.22 0.22 0.22 0.22 
S21 0.17 0.17 0.17 0.17 0.17 0.17 0.17 0.17 0.17 0.17 0.17 0.17 0.17 0.17 0.17 0.17 
S22 0.17 0.17 0.17 0.17 0.17 0.17 0.17 0.17 0.17 0.17 0.17 0.17 0.17 0.17 0.17 0.17 
;

param AvailabilityFactor default 1 := 
[RE1,*,*]: 
2020 2021 2022 2023 2024 2025 2026 2027 2028 2029 2030 2031 2032 2033 2034 2035 :=
MINCOA 1 1 1 1 1 1 1 1 1 1 1 1 1 1 1 1 
MINGAS 1 1 1 1 1 1 1 1 1 1 1 1 1 1 1 1 
PWRGAS 1 1 1 1 1 1 1 1 1 1 1 1 1 1 1 1 
PWRCOA 1 1 1 1 1 1 1 1 1 1 1 1 1 1 1 1 
PWRTRN 1 1 1 1 1 1 1 1 1 1 1 1 1 1 1 1 
PWRBATIN 1 1 1 1 1 1 1 1 1 1 1 1 1 1 1 1 
PWRBATOUT 1 1 1 1 1 1 1 1 1 1 1 1 1 1 1 1 
DEMRESELC 1 1 1 1 1 1 1 1 1 1 1 1 1 1 1 1 
LNDFOR 1 1 1 1 1 1 1 1 1 1 1 1 1 1 1 1 
RNWLND 1 1 1 1 1 1 1 1 1 1 1 1 1 1 1 1 
LNDGRS 1 1 1 1 1 1 1 1 1 1 1 1 1 1 1 1 
;
param CapitalCost default 0.0001 := 
[RE1,*,*]: 
2020 2021 2022 2023 2024 2025 2026 2027 2028 2029 2030 2031 2032 2033 2034 2035 :=
MINCOA 0.0001 0.0001 0.0001 0.0001 0.0001 0.0001 0.0001 0.0001 0.0001 0.0001 0.0001 0.0001 0.0001 0.0001 0.0001 0.0001 
MINGAS 0.0001 0.0001 0.0001 0.0001 0.0001 0.0001 0.0001 0.0001 0.0001 0.0001 0.0001 0.0001 0.0001 0.0001 0.0001 0.0001 
PWRGAS 1250 1250 1250 1250 1250 1250 1250 1250 1250 1250 1250 1250 1250 1250 1250 1250 
PWRCOA 2200 2200 2200 2200 2200 2200 2200 2200 2200 2200 2200 2200 2200 2200 2200 2200 
PWRTRN 2500 2500 2500 2500 2500 2500 2500 2500 2500 2500 2500 2500 2500 2500 2500 2500 
PWRBATIN 0.0001 0.0001 0.0001 0.0001 0.0001 0.0001 0.0001 0.0001 0.0001 0.0001 0.0001 0.0001 0.0001 0.0001 0.0001 0.0001 
PWRBATOUT 0.0001 0.0001 0.0001 0.0001 0.0001 0.0001 0.0001 0.0001 0.0001 0.0001 0.0001 0.0001 0.0001 0.0001 0.0001 0.0001 
DEMRESELC 10 10 10 10 10 10 10 10 10 10 10 10 10 10 10 10 
LNDFOR 0.0001 0.0001 0.0001 0.0001 0.0001 0.0001 0.0001 0.0001 0.0001 0.0001 0.0001 0.0001 0.0001 0.0001 0.0001 0.0001 
RNWLND 0.0001 0.0001 0.0001 0.0001 0.0001 0.0001 0.0001 0.0001 0.0001 0.0001 0.0001 0.0001 0.0001 0.0001 0.0001 0.0001 
LNDGRS 0.0001 0.0001 0.0001 0.0001 0.0001 0.0001 0.0001 0.0001 0.0001 0.0001 0.0001 0.0001 0.0001 0.0001 0.0001 0.0001 
;
param FixedCost default 0 := 
[RE1,*,*]: 
2020 2021 2022 2023 2024 2025 2026 2027 2028 2029 2030 2031 2032 2033 2034 2035 :=
MINCOA 0 0 0 0 0 0 0 0 0 0 0 0 0 0 0 0 
MINGAS 0 0 0 0 0 0 0 0 0 0 0 0 0 0 0 0 
PWRGAS 30 30 30 30 30 30 30 30 30 30 30 30 30 30 30 30 
PWRCOA 75 75 75 75 75 75 75 75 75 75 75 75 75 75 75 75 
PWRTRN 0 0 0 0 0 0 0 0 0 0 0 0 0 0 0 0 
PWRBATIN 0 0 0 0 0 0 0 0 0 0 0 0 0 0 0 0 
PWRBATOUT 0 0 0 0 0 0 0 0 0 0 0 0 0 0 0 0 
DEMRESELC 1000 1000 1000 1000 1000 1000 1000 1000 1000 1000 1000 1000 1000 1000 1000 1000 
LNDFOR 0 0 0 0 0 0 0 0 0 0 0 0 0 0 0 0 
RNWLND 0 0 0 0 0 0 0 0 0 0 0 0 0 0 0 0 
LNDGRS 0 0 0 0 0 0 0 0 0 0 0 0 0 0 0 0 
;
param ResidualCapacity default 0 := 
[RE1,*,*]: 
2020 2021 2022 2023 2024 2025 2026 2027 2028 2029 2030 2031 2032 2033 2034 2035 :=
MINCOA 0 0 0 0 0 0 0 0 0 0 0 0 0 0 0 0 
MINGAS 0 0 0 0 0 0 0 0 0 0 0 0 0 0 0 0 
PWRGAS 6 6 6 6 6 6 5 5 5 5 5 4 4 4 4 4 
PWRCOA 4 4 4 4 4 4 4 4 4 4 2 2 2 2 2 2 
PWRTRN 0 0 0 0 0 0 0 0 0 0 0 0 0 0 0 0 
PWRBATIN 0 0 0 0 0 0 0 0 0 0 0 0 0 0 0 0 
PWRBATOUT 0 0 0 0 0 0 0 0 0 0 0 0 0 0 0 0 
DEMRESELC 1000 1000 1000 1000 1000 1000 1000 1000 1000 1000 1000 1000 1000 1000 1000 1000 
LNDFOR 0 0 0 0 0 0 0 0 0 0 0 0 0 0 0 0 
RNWLND 0 0 0 0 0 0 0 0 0 0 0 0 0 0 0 0 
LNDGRS 0 0 0 0 0 0 0 0 0 0 0 0 0 0 0 0 
;
param TotalAnnualMaxCapacity default 999999 := 
[RE1,*,*]: 
2020 2021 2022 2023 2024 2025 2026 2027 2028 2029 2030 2031 2032 2033 2034 2035 :=
MINCOA 999999 999999 999999 999999 999999 999999 999999 999999 999999 999999 999999 999999 999999 999999 999999 999999 
MINGAS 999999 999999 999999 999999 999999 999999 999999 999999 999999 999999 999999 999999 999999 999999 999999 999999 
PWRGAS 999999 999999 999999 999999 999999 999999 999999 999999 999999 999999 999999 999999 999999 999999 999999 999999 
PWRCOA 999999 999999 999999 999999 999999 999999 999999 999999 999999 999999 999999 999999 999999 999999 999999 999999 
PWRTRN 999999 999999 999999 999999 999999 999999 999999 999999 999999 999999 999999 999999 999999 999999 999999 999999 
PWRBATIN 999999 999999 999999 999999 999999 999999 999999 999999 999999 999999 999999 999999 999999 999999 999999 999999 
PWRBATOUT 999999 999999 999999 999999 999999 999999 999999 999999 999999 999999 999999 999999 999999 999999 999999 999999 
DEMRESELC 999999 999999 999999 999999 999999 999999 999999 999999 999999 999999 999999 999999 999999 999999 999999 999999 
LNDFOR 999999 999999 999999 999999 999999 999999 999999 999999 999999 999999 999999 999999 999999 999999 999999 999999 
RNWLND 999999 999999 999999 999999 999999 999999 999999 999999 999999 999999 999999 999999 999999 999999 999999 999999 
LNDGRS 999999 999999 999999 999999 999999 999999 999999 999999 999999 999999 999999 999999 999999 999999 999999 999999 
;
param TotalAnnualMaxCapacityInvestment default 999999 := 
[RE1,*,*]: 
2020 2021 2022 2023 2024 2025 2026 2027 2028 2029 2030 2031 2032 2033 2034 2035 :=
MINCOA 999999 999999 999999 999999 999999 999999 999999 999999 999999 999999 999999 999999 999999 999999 999999 999999 
MINGAS 999999 999999 999999 999999 999999 999999 999999 999999 999999 999999 999999 999999 999999 999999 999999 999999 
PWRGAS 999999 999999 999999 999999 999999 999999 999999 999999 999999 999999 999999 999999 999999 999999 999999 999999 
PWRCOA 999999 999999 999999 999999 999999 999999 999999 999999 999999 999999 999999 999999 999999 999999 999999 999999 
PWRTRN 999999 999999 999999 999999 999999 999999 999999 999999 999999 999999 999999 999999 999999 999999 999999 999999 
PWRBATIN 999999 999999 999999 999999 999999 999999 999999 999999 999999 999999 999999 999999 999999 999999 999999 999999 
PWRBATOUT 999999 999999 999999 999999 999999 999999 999999 999999 999999 999999 999999 999999 999999 999999 999999 999999 
DEMRESELC 999999 999999 999999 999999 999999 999999 999999 999999 999999 999999 999999 999999 999999 999999 999999 999999 
LNDFOR 999999 999999 999999 999999 999999 999999 999999 999999 999999 999999 999999 999999 999999 999999 999999 999999 
RNWLND 999999 999999 999999 999999 999999 999999 999999 999999 999999 999999 999999 999999 999999 999999 999999 999999 
LNDGRS 999999 999999 999999 999999 999999 999999 999999 999999 999999 999999 999999 999999 999999 999999 999999 999999 
;
param TotalAnnualMinCapacity default 0 := 
[RE1,*,*]: 
2020 2021 2022 2023 2024 2025 2026 2027 2028 2029 2030 2031 2032 2033 2034 2035 :=
MINCOA 0 0 0 0 0 0 0 0 0 0 0 0 0 0 0 0 
MINGAS 0 0 0 0 0 0 0 0 0 0 0 0 0 0 0 0 
PWRGAS 0 0 0 0 0 0 0 0 0 0 0 0 0 0 0 0 
PWRCOA 0 0 0 0 0 0 0 0 0 0 0 0 0 0 0 0 
PWRTRN 0 0 0 0 0 0 0 0 0 0 0 0 0 0 0 0 
PWRBATIN 0 0 0 0 0 0 0 0 0 0 0 0 0 0 0 0 
PWRBATOUT 0 0 0 0 0 0 0 0 0 0 0 0 0 0 0 0 
DEMRESELC 0 0 0 0 0 0 0 0 0 0 0 0 0 0 0 0 
LNDFOR 0 0 0 0 0 0 0 0 0 0 0 0 0 0 0 0 
RNWLND 0 0 0 0 0 0 0 0 0 0 0 0 0 0 0 0 
LNDGRS 0 0 0 0 0 0 0 0 0 0 0 0 0 0 0 0 
;
param TotalAnnualMinCapacityInvestment default 0 := 
[RE1,*,*]: 
2020 2021 2022 2023 2024 2025 2026 2027 2028 2029 2030 2031 2032 2033 2034 2035 :=
MINCOA 0 0 0 0 0 0 0 0 0 0 0 0 0 0 0 0 
MINGAS 0 0 0 0 0 0 0 0 0 0 0 0 0 0 0 0 
PWRGAS 0 0 0 0 0 0 0 0 0 0 0 0 0 0 0 0 
PWRCOA 0 0 0 0 0 0 0 0 0 0 0 0 0 0 0 0 
PWRTRN 0 0 0 0 0 0 0 0 0 0 0 0 0 0 0 0 
PWRBATIN 0 0 0 0 0 0 0 0 0 0 0 0 0 0 0 0 
PWRBATOUT 0 0 0 0 0 0 0 0 0 0 0 0 0 0 0 0 
DEMRESELC 1000 1000 1000 1000 1000 1000 1000 1000 1000 1000 1000 1000 1000 1000 1000 1000 
LNDFOR 0 0 0 0 0 0 0 0 0 0 0 0 0 0 0 0 
RNWLND 0 0 0 0 0 0 0 0 0 0 0 0 0 0 0 0 
LNDGRS 0 0 0 0 0 0 0 0 0 0 0 0 0 0 0 0 
;
param TotalTechnologyAnnualActivityLowerLimit default 0 := 
[RE1,*,*]: 
2020 2021 2022 2023 2024 2025 2026 2027 2028 2029 2030 2031 2032 2033 2034 2035 :=
MINCOA 0 0 0 0 0 0 0 0 0 0 0 0 0 0 0 0 
MINGAS 0 0 0 0 0 0 0 0 0 0 0 0 0 0 0 0 
PWRGAS 0 0 0 0 0 0 0 0 0 0 0 0 0 0 0 0 
PWRCOA 0 0 0 0 0 0 0 0 0 0 0 0 0 0 0 0 
PWRTRN 0 0 0 0 0 0 0 0 0 0 0 0 0 0 0 0 
PWRBATIN 0 0 0 0 0 0 0 0 0 0 0 0 0 0 0 0 
PWRBATOUT 0 0 0 0 0 0 0 0 0 0 0 0 0 0 0 0 
DEMRESELC 0 0 0 0 0 0 0 0 0 0 0 0 0 0 0 0 
LNDFOR 0 0 0 0 0 0 0 0 0 0 0 0 0 0 0 0 
RNWLND 0 0 0 0 0 0 0 0 0 0 0 0 0 0 0 0 
LNDGRS 10 12 14 16 18 20 22 24 26 28 30 32 34 36 38 40 
;
param TotalTechnologyAnnualActivityUpperLimit default 999999 := 
[RE1,*,*]: 
2020 2021 2022 2023 2024 2025 2026 2027 2028 2029 2030 2031 2032 2033 2034 2035 :=
MINCOA 999999 999999 999999 999999 999999 999999 999999 999999 999999 999999 999999 999999 999999 999999 999999 999999 
MINGAS 999999 999999 999999 999999 999999 999999 999999 999999 999999 999999 999999 999999 999999 999999 999999 999999 
PWRGAS 999999 999999 999999 999999 999999 999999 999999 999999 999999 999999 999999 999999 999999 999999 999999 999999 
PWRCOA 999999 999999 999999 999999 999999 999999 999999 999999 999999 999999 999999 999999 999999 999999 999999 999999 
PWRTRN 999999 999999 999999 999999 999999 999999 999999 999999 999999 999999 999999 999999 999999 999999 999999 999999 
PWRBATIN 999999 999999 999999 999999 999999 999999 999999 999999 999999 999999 999999 999999 999999 999999 999999 999999 
PWRBATOUT 999999 999999 999999 999999 999999 999999 999999 999999 999999 999999 999999 999999 999999 999999 999999 999999 
DEMRESELC 999999 999999 999999 999999 999999 999999 999999 999999 999999 999999 999999 999999 999999 999999 999999 999999 
LNDFOR 999999 999999 999999 999999 999999 999999 999999 999999 999999 999999 999999 999999 999999 999999 999999 999999 
RNWLND 100 100 100 100 100 100 100 100 100 100 100 100 100 100 100 100 
LNDGRS 999999 999999 999999 999999 999999 999999 999999 999999 999999 999999 999999 999999 999999 999999 999999 999999 
;
param ReserveMarginTagTechnology default 0 := 
[RE1,*,*]: 
2020 2021 2022 2023 2024 2025 2026 2027 2028 2029 2030 2031 2032 2033 2034 2035 :=
MINCOA 0 0 0 0 0 0 0 0 0 0 0 0 0 0 0 0 
MINGAS 0 0 0 0 0 0 0 0 0 0 0 0 0 0 0 0 
PWRGAS 0 0 0 0 0 0 0 0 0 0 0 0 0 0 0 0 
PWRCOA 0 0 0 0 0 0 0 0 0 0 0 0 0 0 0 0 
PWRTRN 0 0 0 0 0 0 0 0 0 0 0 0 0 0 0 0 
PWRBATIN 0 0 0 0 0 0 0 0 0 0 0 0 0 0 0 0 
PWRBATOUT 0 0 0 0 0 0 0 0 0 0 0 0 0 0 0 0 
DEMRESELC 0 0 0 0 0 0 0 0 0 0 0 0 0 0 0 0 
LNDFOR 0 0 0 0 0 0 0 0 0 0 0 0 0 0 0 0 
RNWLND 0 0 0 0 0 0 0 0 0 0 0 0 0 0 0 0 
LNDGRS 0 0 0 0 0 0 0 0 0 0 0 0 0 0 0 0 
;
param RETagTechnology default 0 := 
[RE1,*,*]: 
2020 2021 2022 2023 2024 2025 2026 2027 2028 2029 2030 2031 2032 2033 2034 2035 :=
MINCOA 0 0 0 0 0 0 0 0 0 0 0 0 0 0 0 0 
MINGAS 0 0 0 0 0 0 0 0 0 0 0 0 0 0 0 0 
PWRGAS 0 0 0 0 0 0 0 0 0 0 0 0 0 0 0 0 
PWRCOA 0 0 0 0 0 0 0 0 0 0 0 0 0 0 0 0 
PWRTRN 0 0 0 0 0 0 0 0 0 0 0 0 0 0 0 0 
PWRBATIN 0 0 0 0 0 0 0 0 0 0 0 0 0 0 0 0 
PWRBATOUT 0 0 0 0 0 0 0 0 0 0 0 0 0 0 0 0 
DEMRESELC 0 0 0 0 0 0 0 0 0 0 0 0 0 0 0 0 
LNDFOR 0 0 0 0 0 0 0 0 0 0 0 0 0 0 0 0 
RNWLND 0 0 0 0 0 0 0 0 0 0 0 0 0 0 0 0 
LNDGRS 0 0 0 0 0 0 0 0 0 0 0 0 0 0 0 0 
;
param CapacityOfOneTechnologyUnit default 0 := 
[RE1,*,*]: 
2020 2021 2022 2023 2024 2025 2026 2027 2028 2029 2030 2031 2032 2033 2034 2035 :=
MINCOA 0 0 0 0 0 0 0 0 0 0 0 0 0 0 0 0 
MINGAS 0 0 0 0 0 0 0 0 0 0 0 0 0 0 0 0 
PWRGAS 0 0 0 0 0 0 0 0 0 0 0 0 0 0 0 0 
PWRCOA 0 0 0 0 0 0 0 0 0 0 0 0 0 0 0 0 
PWRTRN 0 0 0 0 0 0 0 0 0 0 0 0 0 0 0 0 
PWRBATIN 0 0 0 0 0 0 0 0 0 0 0 0 0 0 0 0 
PWRBATOUT 0 0 0 0 0 0 0 0 0 0 0 0 0 0 0 0 
DEMRESELC 0 0 0 0 0 0 0 0 0 0 0 0 0 0 0 0 
LNDFOR 0 0 0 0 0 0 0 0 0 0 0 0 0 0 0 0 
RNWLND 0 0 0 0 0 0 0 0 0 0 0 0 0 0 0 0 
LNDGRS 0 0 0 0 0 0 0 0 0 0 0 0 0 0 0 0 
;

param VariableCost default 0.0001 := 
[RE1,MINCOA,*,*]: 
2020 2021 2022 2023 2024 2025 2026 2027 2028 2029 2030 2031 2032 2033 2034 2035 :=
1 5 5 5 5 5 5 5 5 5 5 5 5 5 5 5 5 
[RE1,MINGAS,*,*]: 
2020 2021 2022 2023 2024 2025 2026 2027 2028 2029 2030 2031 2032 2033 2034 2035 :=
1 10 10 10 10 10 10 10 10 10 10 10 10 10 10 10 10 
[RE1,PWRGAS,*,*]: 
2020 2021 2022 2023 2024 2025 2026 2027 2028 2029 2030 2031 2032 2033 2034 2035 :=
1 0.0001 0.0001 0.0001 0.0001 0.0001 0.0001 0.0001 0.0001 0.0001 0.0001 0.0001 0.0001 0.0001 0.0001 0.0001 0.0001 
[RE1,PWRCOA,*,*]: 
2020 2021 2022 2023 2024 2025 2026 2027 2028 2029 2030 2031 2032 2033 2034 2035 :=
1 0.0001 0.0001 0.0001 0.0001 0.0001 0.0001 0.0001 0.0001 0.0001 0.0001 0.0001 0.0001 0.0001 0.0001 0.0001 0.0001 
[RE1,PWRTRN,*,*]: 
2020 2021 2022 2023 2024 2025 2026 2027 2028 2029 2030 2031 2032 2033 2034 2035 :=
1 0.0001 0.0001 0.0001 0.0001 0.0001 0.0001 0.0001 0.0001 0.0001 0.0001 0.0001 0.0001 0.0001 0.0001 0.0001 0.0001 
[RE1,PWRBATIN,*,*]: 
2020 2021 2022 2023 2024 2025 2026 2027 2028 2029 2030 2031 2032 2033 2034 2035 :=
1 0.0001 0.0001 0.0001 0.0001 0.0001 0.0001 0.0001 0.0001 0.0001 0.0001 0.0001 0.0001 0.0001 0.0001 0.0001 0.0001 
[RE1,PWRBATOUT,*,*]: 
2020 2021 2022 2023 2024 2025 2026 2027 2028 2029 2030 2031 2032 2033 2034 2035 :=
1 0.0001 0.0001 0.0001 0.0001 0.0001 0.0001 0.0001 0.0001 0.0001 0.0001 0.0001 0.0001 0.0001 0.0001 0.0001 0.0001 
[RE1,DEMRESELC,*,*]: 
2020 2021 2022 2023 2024 2025 2026 2027 2028 2029 2030 2031 2032 2033 2034 2035 :=
1 0.0001 0.0001 0.0001 0.0001 0.0001 0.0001 0.0001 0.0001 0.0001 0.0001 0.0001 0.0001 0.0001 0.0001 0.0001 0.0001 
[RE1,LNDFOR,*,*]: 
2020 2021 2022 2023 2024 2025 2026 2027 2028 2029 2030 2031 2032 2033 2034 2035 :=
1 -0.5 -0.5 -0.5 -0.5 -0.5 -0.5 -0.5 -0.5 -0.5 -0.5 -0.5 -0.5 -0.5 -0.5 -0.5 -0.5 
[RE1,RNWLND,*,*]: 
2020 2021 2022 2023 2024 2025 2026 2027 2028 2029 2030 2031 2032 2033 2034 2035 :=
1 0.0001 0.0001 0.0001 0.0001 0.0001 0.0001 0.0001 0.0001 0.0001 0.0001 0.0001 0.0001 0.0001 0.0001 0.0001 0.0001 
[RE1,LNDGRS,*,*]: 
2020 2021 2022 2023 2024 2025 2026 2027 2028 2029 2030 2031 2032 2033 2034 2035 :=
1 0.0001 0.0001 0.0001 0.0001 0.0001 0.0001 0.0001 0.0001 0.0001 0.0001 0.0001 0.0001 0.0001 0.0001 0.0001 0.0001 
;
param TechnologyActivityByModeLowerLimit default 0 := 
[RE1,MINCOA,*,*]: 
2020 2021 2022 2023 2024 2025 2026 2027 2028 2029 2030 2031 2032 2033 2034 2035 :=
1 0 0 0 0 0 0 0 0 0 0 0 0 0 0 0 0 
[RE1,MINGAS,*,*]: 
2020 2021 2022 2023 2024 2025 2026 2027 2028 2029 2030 2031 2032 2033 2034 2035 :=
1 0 0 0 0 0 0 0 0 0 0 0 0 0 0 0 0 
[RE1,PWRGAS,*,*]: 
2020 2021 2022 2023 2024 2025 2026 2027 2028 2029 2030 2031 2032 2033 2034 2035 :=
1 0 0 0 0 0 0 0 0 0 0 0 0 0 0 0 0 
[RE1,PWRCOA,*,*]: 
2020 2021 2022 2023 2024 2025 2026 2027 2028 2029 2030 2031 2032 2033 2034 2035 :=
1 0 0 0 0 0 0 0 0 0 0 0 0 0 0 0 0 
[RE1,PWRTRN,*,*]: 
2020 2021 2022 2023 2024 2025 2026 2027 2028 2029 2030 2031 2032 2033 2034 2035 :=
1 0 0 0 0 0 0 0 0 0 0 0 0 0 0 0 0 
[RE1,PWRBATIN,*,*]: 
2020 2021 2022 2023 2024 2025 2026 2027 2028 2029 2030 2031 2032 2033 2034 2035 :=
1 0 0 0 0 0 0 0 0 0 0 0 0 0 0 0 0 
[RE1,PWRBATOUT,*,*]: 
2020 2021 2022 2023 2024 2025 2026 2027 2028 2029 2030 2031 2032 2033 2034 2035 :=
1 0 0 0 0 0 0 0 0 0 0 0 0 0 0 0 0 
[RE1,DEMRESELC,*,*]: 
2020 2021 2022 2023 2024 2025 2026 2027 2028 2029 2030 2031 2032 2033 2034 2035 :=
1 0 0 0 0 0 0 0 0 0 0 0 0 0 0 0 0 
[RE1,LNDFOR,*,*]: 
2020 2021 2022 2023 2024 2025 2026 2027 2028 2029 2030 2031 2032 2033 2034 2035 :=
1 0 0 0 0 0 0 0 0 0 0 0 0 0 0 0 0 
[RE1,RNWLND,*,*]: 
2020 2021 2022 2023 2024 2025 2026 2027 2028 2029 2030 2031 2032 2033 2034 2035 :=
1 0 0 0 0 0 0 0 0 0 0 0 0 0 0 0 0 
[RE1,LNDGRS,*,*]: 
2020 2021 2022 2023 2024 2025 2026 2027 2028 2029 2030 2031 2032 2033 2034 2035 :=
1 0 0 0 0 0 0 0 0 0 0 0 0 0 0 0 0 
;
param TechnologyActivityByModeUpperLimit default 999999 := 
[RE1,MINCOA,*,*]: 
2020 2021 2022 2023 2024 2025 2026 2027 2028 2029 2030 2031 2032 2033 2034 2035 :=
1 999999 999999 999999 999999 999999 999999 999999 999999 999999 999999 999999 999999 999999 999999 999999 999999 
[RE1,MINGAS,*,*]: 
2020 2021 2022 2023 2024 2025 2026 2027 2028 2029 2030 2031 2032 2033 2034 2035 :=
1 999999 999999 999999 999999 999999 999999 999999 999999 999999 999999 999999 999999 999999 999999 999999 999999 
[RE1,PWRGAS,*,*]: 
2020 2021 2022 2023 2024 2025 2026 2027 2028 2029 2030 2031 2032 2033 2034 2035 :=
1 999999 999999 999999 999999 999999 999999 999999 999999 999999 999999 999999 999999 999999 999999 999999 999999 
[RE1,PWRCOA,*,*]: 
2020 2021 2022 2023 2024 2025 2026 2027 2028 2029 2030 2031 2032 2033 2034 2035 :=
1 999999 999999 999999 999999 999999 999999 999999 999999 999999 999999 999999 999999 999999 999999 999999 999999 
[RE1,PWRTRN,*,*]: 
2020 2021 2022 2023 2024 2025 2026 2027 2028 2029 2030 2031 2032 2033 2034 2035 :=
1 999999 999999 999999 999999 999999 999999 999999 999999 999999 999999 999999 999999 999999 999999 999999 999999 
[RE1,PWRBATIN,*,*]: 
2020 2021 2022 2023 2024 2025 2026 2027 2028 2029 2030 2031 2032 2033 2034 2035 :=
1 999999 999999 999999 999999 999999 999999 999999 999999 999999 999999 999999 999999 999999 999999 999999 999999 
[RE1,PWRBATOUT,*,*]: 
2020 2021 2022 2023 2024 2025 2026 2027 2028 2029 2030 2031 2032 2033 2034 2035 :=
1 999999 999999 999999 999999 999999 999999 999999 999999 999999 999999 999999 999999 999999 999999 999999 999999 
[RE1,DEMRESELC,*,*]: 
2020 2021 2022 2023 2024 2025 2026 2027 2028 2029 2030 2031 2032 2033 2034 2035 :=
1 999999 999999 999999 999999 999999 999999 999999 999999 999999 999999 999999 999999 999999 999999 999999 999999 
[RE1,LNDFOR,*,*]: 
2020 2021 2022 2023 2024 2025 2026 2027 2028 2029 2030 2031 2032 2033 2034 2035 :=
1 999999 999999 999999 999999 999999 999999 999999 999999 999999 999999 999999 999999 999999 999999 999999 999999 
[RE1,RNWLND,*,*]: 
2020 2021 2022 2023 2024 2025 2026 2027 2028 2029 2030 2031 2032 2033 2034 2035 :=
1 999999 999999 999999 999999 999999 999999 999999 999999 999999 999999 999999 999999 999999 999999 999999 999999 
[RE1,LNDGRS,*,*]: 
2020 2021 2022 2023 2024 2025 2026 2027 2028 2029 2030 2031 2032 2033 2034 2035 :=
1 999999 999999 999999 999999 999999 999999 999999 999999 999999 999999 999999 999999 999999 999999 999999 999999 
;
param TechnologyActivityDecreaseByModeLimit default 0 := 
[RE1,MINCOA,*,*]: 
2020 2021 2022 2023 2024 2025 2026 2027 2028 2029 2030 2031 2032 2033 2034 2035 :=
1 0 0 0 0 0 0 0 0 0 0 0 0 0 0 0 0 
[RE1,MINGAS,*,*]: 
2020 2021 2022 2023 2024 2025 2026 2027 2028 2029 2030 2031 2032 2033 2034 2035 :=
1 0 0 0 0 0 0 0 0 0 0 0 0 0 0 0 0 
[RE1,PWRGAS,*,*]: 
2020 2021 2022 2023 2024 2025 2026 2027 2028 2029 2030 2031 2032 2033 2034 2035 :=
1 0 0 0 0 0 0 0 0 0 0 0 0 0 0 0 0 
[RE1,PWRCOA,*,*]: 
2020 2021 2022 2023 2024 2025 2026 2027 2028 2029 2030 2031 2032 2033 2034 2035 :=
1 0 0 0 0 0 0 0 0 0 0 0 0 0 0 0 0 
[RE1,PWRTRN,*,*]: 
2020 2021 2022 2023 2024 2025 2026 2027 2028 2029 2030 2031 2032 2033 2034 2035 :=
1 0 0 0 0 0 0 0 0 0 0 0 0 0 0 0 0 
[RE1,PWRBATIN,*,*]: 
2020 2021 2022 2023 2024 2025 2026 2027 2028 2029 2030 2031 2032 2033 2034 2035 :=
1 0 0 0 0 0 0 0 0 0 0 0 0 0 0 0 0 
[RE1,PWRBATOUT,*,*]: 
2020 2021 2022 2023 2024 2025 2026 2027 2028 2029 2030 2031 2032 2033 2034 2035 :=
1 0 0 0 0 0 0 0 0 0 0 0 0 0 0 0 0 
[RE1,DEMRESELC,*,*]: 
2020 2021 2022 2023 2024 2025 2026 2027 2028 2029 2030 2031 2032 2033 2034 2035 :=
1 0 0 0 0 0 0 0 0 0 0 0 0 0 0 0 0 
[RE1,LNDFOR,*,*]: 
2020 2021 2022 2023 2024 2025 2026 2027 2028 2029 2030 2031 2032 2033 2034 2035 :=
1 0 0 0 0 0 0 0 0 0 0 0 0 0 0 0 0 
[RE1,RNWLND,*,*]: 
2020 2021 2022 2023 2024 2025 2026 2027 2028 2029 2030 2031 2032 2033 2034 2035 :=
1 0 0 0 0 0 0 0 0 0 0 0 0 0 0 0 0 
[RE1,LNDGRS,*,*]: 
2020 2021 2022 2023 2024 2025 2026 2027 2028 2029 2030 2031 2032 2033 2034 2035 :=
1 0 0 0 0 0 0 0 0 0 0 0 0 0 0 0 0 
;
param TechnologyActivityIncreaseByModeLimit default 0 := 
[RE1,MINCOA,*,*]: 
2020 2021 2022 2023 2024 2025 2026 2027 2028 2029 2030 2031 2032 2033 2034 2035 :=
1 0 0 0 0 0 0 0 0 0 0 0 0 0 0 0 0 
[RE1,MINGAS,*,*]: 
2020 2021 2022 2023 2024 2025 2026 2027 2028 2029 2030 2031 2032 2033 2034 2035 :=
1 0 0 0 0 0 0 0 0 0 0 0 0 0 0 0 0 
[RE1,PWRGAS,*,*]: 
2020 2021 2022 2023 2024 2025 2026 2027 2028 2029 2030 2031 2032 2033 2034 2035 :=
1 0 0 0 0 0 0 0 0 0 0 0 0 0 0 0 0 
[RE1,PWRCOA,*,*]: 
2020 2021 2022 2023 2024 2025 2026 2027 2028 2029 2030 2031 2032 2033 2034 2035 :=
1 0 0 0 0 0 0 0 0 0 0 0 0 0 0 0 0 
[RE1,PWRTRN,*,*]: 
2020 2021 2022 2023 2024 2025 2026 2027 2028 2029 2030 2031 2032 2033 2034 2035 :=
1 0 0 0 0 0 0 0 0 0 0 0 0 0 0 0 0 
[RE1,PWRBATIN,*,*]: 
2020 2021 2022 2023 2024 2025 2026 2027 2028 2029 2030 2031 2032 2033 2034 2035 :=
1 0 0 0 0 0 0 0 0 0 0 0 0 0 0 0 0 
[RE1,PWRBATOUT,*,*]: 
2020 2021 2022 2023 2024 2025 2026 2027 2028 2029 2030 2031 2032 2033 2034 2035 :=
1 0 0 0 0 0 0 0 0 0 0 0 0 0 0 0 0 
[RE1,DEMRESELC,*,*]: 
2020 2021 2022 2023 2024 2025 2026 2027 2028 2029 2030 2031 2032 2033 2034 2035 :=
1 0 0 0 0 0 0 0 0 0 0 0 0 0 0 0 0 
[RE1,LNDFOR,*,*]: 
2020 2021 2022 2023 2024 2025 2026 2027 2028 2029 2030 2031 2032 2033 2034 2035 :=
1 0 0 0 0 0 0 0 0 0 0 0 0 0 0 0 0 
[RE1,RNWLND,*,*]: 
2020 2021 2022 2023 2024 2025 2026 2027 2028 2029 2030 2031 2032 2033 2034 2035 :=
1 0 0 0 0 0 0 0 0 0 0 0 0 0 0 0 0 
[RE1,LNDGRS,*,*]: 
2020 2021 2022 2023 2024 2025 2026 2027 2028 2029 2030 2031 2032 2033 2034 2035 :=
1 0 0 0 0 0 0 0 0 0 0 0 0 0 0 0 0 
;

param InputToNewCapacityRatio default 0 := 
;
param InputToTotalCapacityRatio default 0 := 
;

param InputActivityRatio default 0 := 
[RE1,PWRGAS,GAS,*,*]:
2020 2021 2022 2023 2024 2025 2026 2027 2028 2029 2030 2031 2032 2033 2034 2035 :=
1 2 2 2 2 2 2 2 2 2 2 2 2 2 2 2 2 
[RE1,PWRCOA,COA,*,*]:
2020 2021 2022 2023 2024 2025 2026 2027 2028 2029 2030 2031 2032 2033 2034 2035 :=
1 3 3 3 3 3 3 3 3 3 3 3 3 3 3 3 3 
[RE1,PWRTRN,ELC001,*,*]:
2020 2021 2022 2023 2024 2025 2026 2027 2028 2029 2030 2031 2032 2033 2034 2035 :=
1 1.1 1.1 1.1 1.1 1.1 1.1 1.1 1.1 1.1 1.1 1.1 1.1 1.1 1.1 1.1 1.1 
[RE1,PWRBATIN,ELC002,*,*]:
2020 2021 2022 2023 2024 2025 2026 2027 2028 2029 2030 2031 2032 2033 2034 2035 :=
1 1 1 1 1 1 1 1 1 1 1 1 1 1 1 1 1 
[RE1,DEMRESELC,ELC002,*,*]:
2020 2021 2022 2023 2024 2025 2026 2027 2028 2029 2030 2031 2032 2033 2034 2035 :=
1 1 1 1 1 1 1 1 1 1 1 1 1 1 1 1 1 
[RE1,LNDFOR,LND,*,*]:
2020 2021 2022 2023 2024 2025 2026 2027 2028 2029 2030 2031 2032 2033 2034 2035 :=
1 1 1 1 1 1 1 1 1 1 1 1 1 1 1 1 1 
[RE1,LNDGRS,LND,*,*]:
2020 2021 2022 2023 2024 2025 2026 2027 2028 2029 2030 2031 2032 2033 2034 2035 :=
1 1 1 1 1 1 1 1 1 1 1 1 1 1 1 1 1 
;
param OutputActivityRatio default 0 := 
[RE1,MINCOA,COA,*,*]:
2020 2021 2022 2023 2024 2025 2026 2027 2028 2029 2030 2031 2032 2033 2034 2035 :=
1 1 1 1 1 1 1 1 1 1 1 1 1 1 1 1 1 
[RE1,MINGAS,GAS,*,*]:
2020 2021 2022 2023 2024 2025 2026 2027 2028 2029 2030 2031 2032 2033 2034 2035 :=
1 1 1 1 1 1 1 1 1 1 1 1 1 1 1 1 1 
[RE1,PWRGAS,ELC001,*,*]:
2020 2021 2022 2023 2024 2025 2026 2027 2028 2029 2030 2031 2032 2033 2034 2035 :=
1 1 1 1 1 1 1 1 1 1 1 1 1 1 1 1 1 
[RE1,PWRCOA,ELC001,*,*]:
2020 2021 2022 2023 2024 2025 2026 2027 2028 2029 2030 2031 2032 2033 2034 2035 :=
1 1 1 1 1 1 1 1 1 1 1 1 1 1 1 1 1 
[RE1,PWRTRN,ELC002,*,*]:
2020 2021 2022 2023 2024 2025 2026 2027 2028 2029 2030 2031 2032 2033 2034 2035 :=
1 1 1 1 1 1 1 1 1 1 1 1 1 1 1 1 1 
[RE1,PWRBATOUT,ELC002,*,*]:
2020 2021 2022 2023 2024 2025 2026 2027 2028 2029 2030 2031 2032 2033 2034 2035 :=
1 1 1 1 1 1 1 1 1 1 1 1 1 1 1 1 1 
[RE1,DEMRESELC,RESELC,*,*]:
2020 2021 2022 2023 2024 2025 2026 2027 2028 2029 2030 2031 2032 2033 2034 2035 :=
1 1 1 1 1 1 1 1 1 1 1 1 1 1 1 1 1 
[RE1,RNWLND,LND,*,*]:
2020 2021 2022 2023 2024 2025 2026 2027 2028 2029 2030 2031 2032 2033 2034 2035 :=
1 1 1 1 1 1 1 1 1 1 1 1 1 1 1 1 1 
;

param CapacityFactor default 1 := 
[RE1,MINCOA,*,*]: 
2020 2021 2022 2023 2024 2025 2026 2027 2028 2029 2030 2031 2032 2033 2034 2035 :=
S11 1 1 1 1 1 1 1 1 1 1 1 1 1 1 1 1 
S12 1 1 1 1 1 1 1 1 1 1 1 1 1 1 1 1 
S21 1 1 1 1 1 1 1 1 1 1 1 1 1 1 1 1 
S22 1 1 1 1 1 1 1 1 1 1 1 1 1 1 1 1 
[RE1,MINGAS,*,*]: 
2020 2021 2022 2023 2024 2025 2026 2027 2028 2029 2030 2031 2032 2033 2034 2035 :=
S11 1 1 1 1 1 1 1 1 1 1 1 1 1 1 1 1 
S12 1 1 1 1 1 1 1 1 1 1 1 1 1 1 1 1 
S21 1 1 1 1 1 1 1 1 1 1 1 1 1 1 1 1 
S22 1 1 1 1 1 1 1 1 1 1 1 1 1 1 1 1 
[RE1,PWRGAS,*,*]: 
2020 2021 2022 2023 2024 2025 2026 2027 2028 2029 2030 2031 2032 2033 2034 2035 :=
S11 1 1 1 1 1 1 1 1 1 1 1 1 1 1 1 1 
S12 1 1 1 1 1 1 1 1 1 1 1 1 1 1 1 1 
S21 1 1 1 1 1 1 1 1 1 1 1 1 1 1 1 1 
S22 1 1 1 1 1 1 1 1 1 1 1 1 1 1 1 1 
[RE1,PWRCOA,*,*]: 
2020 2021 2022 2023 2024 2025 2026 2027 2028 2029 2030 2031 2032 2033 2034 2035 :=
S11 1 1 1 1 1 1 1 1 1 1 1 1 1 1 1 1 
S12 1 1 1 1 1 1 1 1 1 1 1 1 1 1 1 1 
S21 1 1 1 1 1 1 1 1 1 1 1 1 1 1 1 1 
S22 1 1 1 1 1 1 1 1 1 1 1 1 1 1 1 1 
[RE1,PWRTRN,*,*]: 
2020 2021 2022 2023 2024 2025 2026 2027 2028 2029 2030 2031 2032 2033 2034 2035 :=
S11 1 1 1 1 1 1 1 1 1 1 1 1 1 1 1 1 
S12 1 1 1 1 1 1 1 1 1 1 1 1 1 1 1 1 
S21 1 1 1 1 1 1 1 1 1 1 1 1 1 1 1 1 
S22 1 1 1 1 1 1 1 1 1 1 1 1 1 1 1 1 
[RE1,PWRBATIN,*,*]: 
2020 2021 2022 2023 2024 2025 2026 2027 2028 2029 2030 2031 2032 2033 2034 2035 :=
S11 1 1 1 1 1 1 1 1 1 1 1 1 1 1 1 1 
S12 1 1 1 1 1 1 1 1 1 1 1 1 1 1 1 1 
S21 1 1 1 1 1 1 1 1 1 1 1 1 1 1 1 1 
S22 1 1 1 1 1 1 1 1 1 1 1 1 1 1 1 1 
[RE1,PWRBATOUT,*,*]: 
2020 2021 2022 2023 2024 2025 2026 2027 2028 2029 2030 2031 2032 2033 2034 2035 :=
S11 1 1 1 1 1 1 1 1 1 1 1 1 1 1 1 1 
S12 1 1 1 1 1 1 1 1 1 1 1 1 1 1 1 1 
S21 1 1 1 1 1 1 1 1 1 1 1 1 1 1 1 1 
S22 1 1 1 1 1 1 1 1 1 1 1 1 1 1 1 1 
[RE1,DEMRESELC,*,*]: 
2020 2021 2022 2023 2024 2025 2026 2027 2028 2029 2030 2031 2032 2033 2034 2035 :=
S11 1 1 1 1 1 1 1 1 1 1 1 1 1 1 1 1 
S12 1 1 1 1 1 1 1 1 1 1 1 1 1 1 1 1 
S21 1 1 1 1 1 1 1 1 1 1 1 1 1 1 1 1 
S22 1 1 1 1 1 1 1 1 1 1 1 1 1 1 1 1 
[RE1,LNDFOR,*,*]: 
2020 2021 2022 2023 2024 2025 2026 2027 2028 2029 2030 2031 2032 2033 2034 2035 :=
S11 1 1 1 1 1 1 1 1 1 1 1 1 1 1 1 1 
S12 1 1 1 1 1 1 1 1 1 1 1 1 1 1 1 1 
S21 1 1 1 1 1 1 1 1 1 1 1 1 1 1 1 1 
S22 1 1 1 1 1 1 1 1 1 1 1 1 1 1 1 1 
[RE1,RNWLND,*,*]: 
2020 2021 2022 2023 2024 2025 2026 2027 2028 2029 2030 2031 2032 2033 2034 2035 :=
S11 1 1 1 1 1 1 1 1 1 1 1 1 1 1 1 1 
S12 1 1 1 1 1 1 1 1 1 1 1 1 1 1 1 1 
S21 1 1 1 1 1 1 1 1 1 1 1 1 1 1 1 1 
S22 1 1 1 1 1 1 1 1 1 1 1 1 1 1 1 1 
[RE1,LNDGRS,*,*]: 
2020 2021 2022 2023 2024 2025 2026 2027 2028 2029 2030 2031 2032 2033 2034 2035 :=
S11 1 1 1 1 1 1 1 1 1 1 1 1 1 1 1 1 
S12 1 1 1 1 1 1 1 1 1 1 1 1 1 1 1 1 
S21 1 1 1 1 1 1 1 1 1 1 1 1 1 1 1 1 
S22 1 1 1 1 1 1 1 1 1 1 1 1 1 1 1 1 
;

param AccumulatedAnnualDemand default 0 := 
[RE1,*,*]: 
2020 2021 2022 2023 2024 2025 2026 2027 2028 2029 2030 2031 2032 2033 2034 2035 :=
COA 0 0 0 0 0 0 0 0 0 0 0 0 0 0 0 0 
GAS 0 0 0 0 0 0 0 0 0 0 0 0 0 0 0 0 
ELC001 0 0 0 0 0 0 0 0 0 0 0 0 0 0 0 0 
RESELC 100 103 105 108 110 113 116 119 122 125 128 131 134 138 141 145 
ELC002 0 0 0 0 0 0 0 0 0 0 0 0 0 0 0 0 
LND 0 0 0 0 0 0 0 0 0 0 0 0 0 0 0 0 
;
param SpecifiedAnnualDemand default 0 := 
[RE1,*,*]: 
2020 2021 2022 2023 2024 2025 2026 2027 2028 2029 2030 2031 2032 2033 2034 2035 :=
COA 0 0 0 0 0 0 0 0 0 0 0 0 0 0 0 0 
GAS 0 0 0 0 0 0 0 0 0 0 0 0 0 0 0 0 
ELC001 0 0 0 0 0 0 0 0 0 0 0 0 0 0 0 0 
RESELC 100 103 105 108 110 113 116 119 122 125 128 131 134 138 141 145 
ELC002 0 0 0 0 0 0 0 0 0 0 0 0 0 0 0 0 
LND 0 0 0 0 0 0 0 0 0 0 0 0 0 0 0 0 
;
param RETagFuel default 0 := 
[RE1,*,*]: 
2020 2021 2022 2023 2024 2025 2026 2027 2028 2029 2030 2031 2032 2033 2034 2035 :=
COA 0 0 0 0 0 0 0 0 0 0 0 0 0 0 0 0 
GAS 0 0 0 0 0 0 0 0 0 0 0 0 0 0 0 0 
ELC001 0 0 0 0 0 0 0 0 0 0 0 0 0 0 0 0 
RESELC 0 0 0 0 0 0 0 0 0 0 0 0 0 0 0 0 
ELC002 0 0 0 0 0 0 0 0 0 0 0 0 0 0 0 0 
LND 0 0 0 0 0 0 0 0 0 0 0 0 0 0 0 0 
;
param ReserveMarginTagFuel default 0 := 
[RE1,*,*]: 
2020 2021 2022 2023 2024 2025 2026 2027 2028 2029 2030 2031 2032 2033 2034 2035 :=
COA 0 0 0 0 0 0 0 0 0 0 0 0 0 0 0 0 
GAS 0 0 0 0 0 0 0 0 0 0 0 0 0 0 0 0 
ELC001 0 0 0 0 0 0 0 0 0 0 0 0 0 0 0 0 
RESELC 0 0 0 0 0 0 0 0 0 0 0 0 0 0 0 0 
ELC002 0 0 0 0 0 0 0 0 0 0 0 0 0 0 0 0 
LND 0 0 0 0 0 0 0 0 0 0 0 0 0 0 0 0 
;

param SpecifiedDemandProfile default 0 := 
[RE1,COA,*,*]: 
2020 2021 2022 2023 2024 2025 2026 2027 2028 2029 2030 2031 2032 2033 2034 2035 :=
S11 1 1 1 1 1 1 1 1 1 1 1 1 1 1 1 1 
S12 0 0 0 0 0 0 0 0 0 0 0 0 0 0 0 0 
S21 0 0 0 0 0 0 0 0 0 0 0 0 0 0 0 0 
S22 0 0 0 0 0 0 0 0 0 0 0 0 0 0 0 0 
[RE1,GAS,*,*]: 
2020 2021 2022 2023 2024 2025 2026 2027 2028 2029 2030 2031 2032 2033 2034 2035 :=
S11 1 1 1 1 1 1 1 1 1 1 1 1 1 1 1 1 
S12 0 0 0 0 0 0 0 0 0 0 0 0 0 0 0 0 
S21 0 0 0 0 0 0 0 0 0 0 0 0 0 0 0 0 
S22 0 0 0 0 0 0 0 0 0 0 0 0 0 0 0 0 
[RE1,ELC001,*,*]: 
2020 2021 2022 2023 2024 2025 2026 2027 2028 2029 2030 2031 2032 2033 2034 2035 :=
S11 1 1 1 1 1 1 1 1 1 1 1 1 1 1 1 1 
S12 0 0 0 0 0 0 0 0 0 0 0 0 0 0 0 0 
S21 0 0 0 0 0 0 0 0 0 0 0 0 0 0 0 0 
S22 0 0 0 0 0 0 0 0 0 0 0 0 0 0 0 0 
[RE1,RESELC,*,*]: 
2020 2021 2022 2023 2024 2025 2026 2027 2028 2029 2030 2031 2032 2033 2034 2035 :=
S11 0.32 0.32 0.32 0.32 0.32 0.32 0.32 0.32 0.32 0.32 0.32 0.32 0.32 0.32 0.32 0.32 
S12 0.08 0.08 0.08 0.08 0.08 0.08 0.08 0.08 0.08 0.08 0.08 0.08 0.08 0.08 0.08 0.08 
S21 0.18 0.18 0.18 0.18 0.18 0.18 0.18 0.18 0.18 0.18 0.18 0.18 0.18 0.18 0.18 0.18 
S22 0.42 0.42 0.42 0.42 0.42 0.42 0.42 0.42 0.42 0.42 0.42 0.42 0.42 0.42 0.42 0.42 
[RE1,ELC002,*,*]: 
2020 2021 2022 2023 2024 2025 2026 2027 2028 2029 2030 2031 2032 2033 2034 2035 :=
S11 0 0 0 0 0 0 0 0 0 0 0 0 0 0 0 0 
S12 0 0 0 0 0 0 0 0 0 0 0 0 0 0 0 0 
S21 0 0 0 0 0 0 0 0 0 0 0 0 0 0 0 0 
S22 0 0 0 0 0 0 0 0 0 0 0 0 0 0 0 0 
[RE1,LND,*,*]: 
2020 2021 2022 2023 2024 2025 2026 2027 2028 2029 2030 2031 2032 2033 2034 2035 :=
S11 0 0 0 0 0 0 0 0 0 0 0 0 0 0 0 0 
S12 0 0 0 0 0 0 0 0 0 0 0 0 0 0 0 0 
S21 0 0 0 0 0 0 0 0 0 0 0 0 0 0 0 0 
S22 0 0 0 0 0 0 0 0 0 0 0 0 0 0 0 0 
;

param AnnualEmissionLimit default 999999 := 
[RE1,*,*]: 
2020 2021 2022 2023 2024 2025 2026 2027 2028 2029 2030 2031 2032 2033 2034 2035 :=
CO2 999999 999999 999999 999999 999999 999999 999999 999999 999999 999999 999999 999999 999999 999999 999999 999999 
;
param EmissionsPenalty default 0 := 
[RE1,*,*]: 
2020 2021 2022 2023 2024 2025 2026 2027 2028 2029 2030 2031 2032 2033 2034 2035 :=
CO2 10 10 10 10 10 10 10 10 10 10 10 10 10 10 10 10 
;
param AnnualExogenousEmission default 0 := 
[RE1,*,*]: 
2020 2021 2022 2023 2024 2025 2026 2027 2028 2029 2030 2031 2032 2033 2034 2035 :=
CO2 0 0 0 0 0 0 0 0 0 0 0 0 0 0 0 0 
;

param EmissionActivityRatio default 0 := 
[RE1,MINCOA,CO2,*,*]:
2020 2021 2022 2023 2024 2025 2026 2027 2028 2029 2030 2031 2032 2033 2034 2035 :=
1 92 92 92 92 92 92 92 92 92 92 92 92 92 92 92 92 
[RE1,MINGAS,CO2,*,*]:
2020 2021 2022 2023 2024 2025 2026 2027 2028 2029 2030 2031 2032 2033 2034 2035 :=
1 50 50 50 50 50 50 50 50 50 50 50 50 50 50 50 50 
[RE1,LNDFOR,CO2,*,*]:
2020 2021 2022 2023 2024 2025 2026 2027 2028 2029 2030 2031 2032 2033 2034 2035 :=
1 0 0 0 0 0 0 0 0 0 0 0 0 0 0 0 0 
[RE1,LNDGRS,CO2,*,*]:
2020 2021 2022 2023 2024 2025 2026 2027 2028 2029 2030 2031 2032 2033 2034 2035 :=
1 0 0 0 0 0 0 0 0 0 0 0 0 0 0 0 0 
;
param EmissionToActivityChangeRatio default 0 := 
[RE1,MINCOA,CO2,*,*]:
2020 2021 2022 2023 2024 2025 2026 2027 2028 2029 2030 2031 2032 2033 2034 2035 :=
1 0 0 0 0 0 0 0 0 0 0 0 0 0 0 0 0 
[RE1,MINGAS,CO2,*,*]:
2020 2021 2022 2023 2024 2025 2026 2027 2028 2029 2030 2031 2032 2033 2034 2035 :=
1 0 0 0 0 0 0 0 0 0 0 0 0 0 0 0 0 
[RE1,LNDFOR,CO2,*,*]:
2020 2021 2022 2023 2024 2025 2026 2027 2028 2029 2030 2031 2032 2033 2034 2035 :=
1 -4 -4 -4 -4 -4 -4 -4 -4 -4 -4 -4 -4 -4 -4 -4 -4 
[RE1,LNDGRS,CO2,*,*]:
2020 2021 2022 2023 2024 2025 2026 2027 2028 2029 2030 2031 2032 2033 2034 2035 :=
1 -2 -2 -2 -2 -2 -2 -2 -2 -2 -2 -2 -2 -2 -2 -2 -2 
;

#
end;